Loading chipmunk for Linux (64bit) [/home/tomas/.local/lib/python3.6/site-packages/pymunk/libchipmunk.so]
cars num = 30.0
dna num = 30.0
cars num = 30.0
dna num = 30.0
300
300
300
300
300
300
300
300
300
300
300
300
300
300
300
300
300
300
300
300
300
300
300
300
300
300
300
300
300
300
300
300
300
300
300
300
300
300
300
300
300
300
300
300
300
300
300
300
300
300
300
300
300
300
300
300
300
300
300
300
300
300
300
300
300
300
300
300
300
300
300
300
300
300
300
300
300
300
300
300
300
300
300
300
300
300
300
300
300
300
300
300
300
300
300
300
300
300
300
300
300
300
300
300
300
300
300
300
300
300
300
300
300
300
300
300
300
300
300
300
300
300
300
300
300
300
300
300
300
300
300
300
300
300
300
300
300
300
300
300
300
300
300
300
300
300
300
300
300
300
300
300
300
300
300
300
300
300
300
300
300
300
300
300
300
300
300
300
300
300
300
300
300
300
300
300
300
300
300
300
300
300
300
300
300
300
300
300
300
300
300
300
300
300
300
300
300
300
300
300
300
300
300
300
300
300
300
300
300
300
300
300
300
300
300
300
300
300
300
300
300
300
300
300
300
300
300
300
300
300
300
300
300
300
300
300
300
300
300
300
300
300
300
300
300
300
300
300
300
300
300
300
300
300
300
300
300
300
300
300
300
300
300
300
300
300
300
300
300
300
300
300
300
300
300
300
300
300
300
300
300
300
300
300
300
300
300
300
300
300
300
300
300
300
300
300
300
300
300

For car id - 0, with fitness 0.684673522701416we add 99 dnas in the mating_pool


For car id - 1, with fitness 0.6900153329644877we add 100 dnas in the mating_pool

size of mating_pool = 199

best fitness = 0.6900153329644877

final location = (403.99445147433636, 562.1651708841897)

new dna for car - 0

a = 117
b = 55

my_id = 1 partner_id = 0

my_path_list - 1

#0
Vector(1680.50, -2485.14, 0.00)
Vector(1764.32, -2426.35, 0.00)
Vector(2899.16, 771.30, 0.00)
Vector(1826.92, 2379.57, 0.00)
Vector(-1201.74, 2748.79, 0.00)
Vector(2532.82, 1607.74, 0.00)
Vector(-1667.88, 2493.62, 0.00)
Vector(-2971.73, 410.88, 0.00)
Vector(2249.17, 1985.25, 0.00)
Vector(-2967.58, 439.88, 0.00)
Vector(-1488.51, 2604.68, 0.00)
Vector(1789.43, 2407.89, 0.00)
Vector(-1375.34, -2666.17, 0.00)
Vector(1467.00, -2616.85, 0.00)
Vector(1949.30, 2280.40, 0.00)
Vector(2992.27, 215.25, 0.00)
Vector(2616.99, 1466.75, 0.00)
Vector(361.82, 2978.10, 0.00)
Vector(-1482.06, 2608.35, 0.00)
Vector(2044.53, 2195.43, 0.00)
Vector(-1753.73, 2434.01, 0.00)
Vector(2843.37, -956.70, 0.00)
Vector(887.37, -2865.76, 0.00)
Vector(-2963.91, -463.92, 0.00)
Vector(-2446.48, -1736.30, 0.00)
Vector(-1296.49, -2705.39, 0.00)
Vector(-2932.27, -633.87, 0.00)
Vector(-2752.49, -1193.23, 0.00)
Vector(2272.24, -1958.81, 0.00)
Vector(2330.62, 1888.97, 0.00)
#1
#2
#3
#4
#5
#6
#7
#8
#9
#10
#11

partner_path_list - 0

#0
Vector(2864.91, 890.12, 0.00)
Vector(-2993.18, -202.16, 0.00)
Vector(-2641.25, -1422.61, 0.00)
Vector(-2448.61, -1733.29, 0.00)
Vector(-2447.25, -1735.21, 0.00)
Vector(1914.98, 2309.30, 0.00)
Vector(556.37, 2947.96, 0.00)
Vector(-2379.44, -1827.09, 0.00)
Vector(1593.99, 2541.50, 0.00)
Vector(2957.23, 504.77, 0.00)
Vector(-2561.12, 1562.26, 0.00)
Vector(-2852.50, 929.10, 0.00)
Vector(-1081.95, 2798.11, 0.00)
Vector(2893.02, 794.01, 0.00)
Vector(2758.09, 1180.22, 0.00)
Vector(-1727.42, -2452.76, 0.00)
Vector(1726.86, 2453.15, 0.00)
Vector(2334.40, -1884.30, 0.00)
Vector(-2833.27, -986.20, 0.00)
Vector(2873.41, -862.27, 0.00)
Vector(2676.72, 1354.67, 0.00)
Vector(2021.55, 2216.61, 0.00)
Vector(1884.80, -2333.99, 0.00)
Vector(2951.06, -539.67, 0.00)
Vector(2035.76, -2203.56, 0.00)
Vector(-2617.95, 1465.04, 0.00)
Vector(1758.35, 2430.68, 0.00)
Vector(842.14, -2879.37, 0.00)
Vector(2356.92, -1856.06, 0.00)
Vector(-2588.00, -1517.31, 0.00)
#1
#2
#3
#4
#5
#6
#7
#8
#9
#10
#11

new_genes

Vector(1680.50, -2485.14, 0.00)
Vector(1764.32, -2426.35, 0.00)
Vector(2899.16, 771.30, 0.00)
Vector(1826.92, 2379.57, 0.00)
Vector(-1201.74, 2748.79, 0.00)
Vector(2532.82, 1607.74, 0.00)
Vector(-1667.88, 2493.62, 0.00)
Vector(-2971.73, 410.88, 0.00)
Vector(2249.17, 1985.25, 0.00)
Vector(-2967.58, 439.88, 0.00)
Vector(-1488.51, 2604.68, 0.00)
Vector(1789.43, 2407.89, 0.00)
Vector(-1375.34, -2666.17, 0.00)
Vector(1467.00, -2616.85, 0.00)
Vector(1949.30, 2280.40, 0.00)
Vector(2992.27, 215.25, 0.00)
Vector(2616.99, 1466.75, 0.00)
Vector(361.82, 2978.10, 0.00)
Vector(-1482.06, 2608.35, 0.00)
Vector(2044.53, 2195.43, 0.00)
Vector(-1753.73, 2434.01, 0.00)
Vector(2843.37, -956.70, 0.00)
Vector(887.37, -2865.76, 0.00)
Vector(-2963.91, -463.92, 0.00)
Vector(-2446.48, -1736.30, 0.00)
Vector(-1296.49, -2705.39, 0.00)
Vector(-2932.27, -633.87, 0.00)
Vector(-2752.49, -1193.23, 0.00)
Vector(2272.24, -1958.81, 0.00)
Vector(2330.62, 1888.97, 0.00)
dna num = 30

new dna for car - 1

a = 90
b = 62

my_id = 0 partner_id = 0

my_path_list - 0

#0
Vector(2864.91, 890.12, 0.00)
Vector(-2993.18, -202.16, 0.00)
Vector(-2641.25, -1422.61, 0.00)
Vector(-2448.61, -1733.29, 0.00)
Vector(-2447.25, -1735.21, 0.00)
Vector(1914.98, 2309.30, 0.00)
Vector(556.37, 2947.96, 0.00)
Vector(-2379.44, -1827.09, 0.00)
Vector(1593.99, 2541.50, 0.00)
Vector(2957.23, 504.77, 0.00)
Vector(-2561.12, 1562.26, 0.00)
Vector(-2852.50, 929.10, 0.00)
Vector(-1081.95, 2798.11, 0.00)
Vector(2893.02, 794.01, 0.00)
Vector(2758.09, 1180.22, 0.00)
Vector(-1727.42, -2452.76, 0.00)
Vector(1726.86, 2453.15, 0.00)
Vector(2334.40, -1884.30, 0.00)
Vector(-2833.27, -986.20, 0.00)
Vector(2873.41, -862.27, 0.00)
Vector(2676.72, 1354.67, 0.00)
Vector(2021.55, 2216.61, 0.00)
Vector(1884.80, -2333.99, 0.00)
Vector(2951.06, -539.67, 0.00)
Vector(2035.76, -2203.56, 0.00)
Vector(-2617.95, 1465.04, 0.00)
Vector(1758.35, 2430.68, 0.00)
Vector(842.14, -2879.37, 0.00)
Vector(2356.92, -1856.06, 0.00)
Vector(-2588.00, -1517.31, 0.00)
#1
#2
#3
#4
#5
#6
#7
#8
#9
#10
#11

partner_path_list - 0

#0
Vector(2864.91, 890.12, 0.00)
Vector(-2993.18, -202.16, 0.00)
Vector(-2641.25, -1422.61, 0.00)
Vector(-2448.61, -1733.29, 0.00)
Vector(-2447.25, -1735.21, 0.00)
Vector(1914.98, 2309.30, 0.00)
Vector(556.37, 2947.96, 0.00)
Vector(-2379.44, -1827.09, 0.00)
Vector(1593.99, 2541.50, 0.00)
Vector(2957.23, 504.77, 0.00)
Vector(-2561.12, 1562.26, 0.00)
Vector(-2852.50, 929.10, 0.00)
Vector(-1081.95, 2798.11, 0.00)
Vector(2893.02, 794.01, 0.00)
Vector(2758.09, 1180.22, 0.00)
Vector(-1727.42, -2452.76, 0.00)
Vector(1726.86, 2453.15, 0.00)
Vector(2334.40, -1884.30, 0.00)
Vector(-2833.27, -986.20, 0.00)
Vector(2873.41, -862.27, 0.00)
Vector(2676.72, 1354.67, 0.00)
Vector(2021.55, 2216.61, 0.00)
Vector(1884.80, -2333.99, 0.00)
Vector(2951.06, -539.67, 0.00)
Vector(2035.76, -2203.56, 0.00)
Vector(-2617.95, 1465.04, 0.00)
Vector(1758.35, 2430.68, 0.00)
Vector(842.14, -2879.37, 0.00)
Vector(2356.92, -1856.06, 0.00)
Vector(-2588.00, -1517.31, 0.00)
#1
#2
#3
#4
#5
#6
#7
#8
#9
#10
#11

new_genes

Vector(2864.91, 890.12, 0.00)
Vector(-2993.18, -202.16, 0.00)
Vector(-2641.25, -1422.61, 0.00)
Vector(-2448.61, -1733.29, 0.00)
Vector(-2447.25, -1735.21, 0.00)
Vector(1914.98, 2309.30, 0.00)
Vector(556.37, 2947.96, 0.00)
Vector(-2379.44, -1827.09, 0.00)
Vector(1593.99, 2541.50, 0.00)
Vector(2957.23, 504.77, 0.00)
Vector(-2561.12, 1562.26, 0.00)
Vector(-2852.50, 929.10, 0.00)
Vector(-1081.95, 2798.11, 0.00)
Vector(2893.02, 794.01, 0.00)
Vector(2758.09, 1180.22, 0.00)
Vector(-1727.42, -2452.76, 0.00)
Vector(1726.86, 2453.15, 0.00)
Vector(2334.40, -1884.30, 0.00)
Vector(-2833.27, -986.20, 0.00)
Vector(2873.41, -862.27, 0.00)
Vector(2676.72, 1354.67, 0.00)
Vector(2021.55, 2216.61, 0.00)
Vector(1884.80, -2333.99, 0.00)
Vector(2951.06, -539.67, 0.00)
Vector(2035.76, -2203.56, 0.00)
Vector(-2617.95, 1465.04, 0.00)
Vector(1758.35, 2430.68, 0.00)
Vector(842.14, -2879.37, 0.00)
Vector(2356.92, -1856.06, 0.00)
Vector(-2588.00, -1517.31, 0.00)
dna num = 30

generation #1
300
300
300
300
300
300
300
300
300
300
300
300
300
300
300
300
300
300
300
300
300
300
300
300
300
300
300
300
300
300
